# ep  = 10.3
# e  = 0.0147154031763602
# s  = 0.0005
# I   = 0.0029
# dz   = 1
# N   = 200
# tol = 1e-15
# lB = 55.7
#
# n   phi(z)
0  2.41763940789443
1  2.38394699116598
2  2.3508204362081
3  2.31825187998899
4  2.28623359192529
5  2.25475797204721
6  2.22381754919447
7  2.19340497924304
8  2.1635130433618
9  2.13413464629914
10  2.10526281469874
11  2.0768906954444
12  2.04901155403336
13  2.02161877297772
14  1.99470585023375
15  1.96826639765854
16  1.94229413949363
17  1.91678291087544
18  1.89172665637194
19  1.86711942854528
20  1.84295538654013
21  1.81922879469725
22  1.79593402119205
23  1.77306553669782
24  1.75061791307326
25  1.72858582207403
26  1.70696403408804
27  1.6857474168941
28  1.66493093444377
29  1.64450964566592
30  1.62447870329396
31  1.60483335271523
32  1.58556893084248
33  1.56668086500696
34  1.5481646718731
35  1.53001595637427
36  1.51223041066961
37  1.49480381312146
38  1.47773202729332
39  1.46101100096802
40  1.44463676518583
41  1.42860543330244
42  1.41291320006635
43  1.39755634071568
44  1.38253121009404
45  1.36783424178528
46  1.35346194726699
47  1.33941091508244
48  1.32567781003081
49  1.31225937237556
50  1.29915241707065
51  1.28635383300456
52  1.27386058226185
53  1.26166969940198
54  1.24977829075552
55  1.23818353373724
56  1.22688267617616
57  1.21587303566228
58  1.20515199890985
59  1.1947170211371
60  1.18456562546221
61  1.17469540231534
62  1.16510400886674
63  1.15578916847063
64  1.14674867012478
65  1.13798036794575
66  1.12948218065948
67  1.12125209110733
68  1.11328814576724
69  1.10558845429002
70  1.09815118905072
71  1.09097458471475
72  1.08405693781887
73  1.07739660636688
74  1.07099200943984
75  1.06484162682083
76  1.05894399863409
77  1.05329772499854
78  1.04790146569545
79  1.04275393985035
80  1.03785392562898
81  1.03320025994729
82  1.02879183819536
83  1.02462761397521
84  1.02070659885239
85  1.01702786212142
86  1.01359053058482
87  1.01039378834589
88  1.00743687661501
89  1.00471909352955
90  1.00223979398726
91  0.999998389493177
92  0.99799434801989
93  0.996227193881301
94  0.994696507619688
95  0.993401925906151
96  0.992343141454371
97  0.991519902947665
98  0.990932014979341
99  0.990579338006309
100  0.990461788315964
101  0.99057933800631
102  0.990932014979342
103  0.991519902947668
104  0.992343141454374
105  0.993401925906156
106  0.994696507619693
107  0.996227193881307
108  0.997994348019897
109  0.999998389493185
110  1.00223979398727
111  1.00471909352956
112  1.00743687661502
113  1.01039378834591
114  1.01359053058483
115  1.01702786212143
116  1.0207065988524
117  1.02462761397522
118  1.02879183819538
119  1.03320025994731
120  1.03785392562899
121  1.04275393985037
122  1.04790146569547
123  1.05329772499856
124  1.05894399863412
125  1.06484162682085
126  1.07099200943986
127  1.0773966063669
128  1.08405693781889
129  1.09097458471477
130  1.09815118905075
131  1.10558845429005
132  1.11328814576726
133  1.12125209110736
134  1.12948218065951
135  1.13798036794578
136  1.14674867012481
137  1.15578916847066
138  1.16510400886678
139  1.17469540231538
140  1.18456562546224
141  1.19471702113714
142  1.20515199890989
143  1.21587303566232
144  1.2268826761762
145  1.23818353373728
146  1.24977829075556
147  1.26166969940202
148  1.27386058226189
149  1.28635383300461
150  1.29915241707069
151  1.3122593723756
152  1.32567781003086
153  1.33941091508249
154  1.35346194726704
155  1.36783424178533
156  1.38253121009409
157  1.39755634071574
158  1.41291320006641
159  1.4286054333025
160  1.44463676518589
161  1.46101100096807
162  1.47773202729338
163  1.49480381312151
164  1.51223041066967
165  1.53001595637433
166  1.54816467187316
167  1.56668086500702
168  1.58556893084254
169  1.6048333527153
170  1.62447870329402
171  1.64450964566598
172  1.66493093444383
173  1.68574741689417
174  1.7069640340881
175  1.7285858220741
176  1.75061791307333
177  1.77306553669789
178  1.79593402119212
179  1.81922879469732
180  1.8429553865402
181  1.86711942854535
182  1.89172665637201
183  1.91678291087551
184  1.9422941394937
185  1.96826639765861
186  1.99470585023383
187  2.02161877297779
188  2.04901155403344
189  2.07689069544448
190  2.10526281469882
191  2.13413464629922
192  2.16351304336188
193  2.19340497924312
194  2.22381754919456
195  2.25475797204729
196  2.28623359192538
197  2.31825187998907
198  2.35082043620819
199  2.38394699116606
200  2.41763940789451
