# ep  = 80
# e  = 0.114294393602797
# s  = 0.01
# I   = 10
# dz   = 1
# N   = 200
# tol = 1e-15
# lB = 55.7
#
# n   phi(z)
0  0.268351252162766
1  0.193685580629857
2  0.139794779571854
3  0.100898478513432
4  0.072824629056285
5  0.0525620076270972
6  0.0379372292257845
7  0.0273816284100181
8  0.0197630029837478
9  0.0142641730830268
10  0.0102953298094356
11  0.00743077185533991
12  0.00536324444074682
13  0.00387098291956445
14  0.00279392612608064
15  0.0020165480861574
16  0.00145546660873579
17  0.00105049964525338
18  0.000758210114923855
19  0.000547246808668966
20  0.000394981633327867
21  0.000285082504264907
22  0.000205761552893457
23  0.000148510750452001
24  0.00010718933002625
25  7.73651229726006e-05
26  5.58391609603045e-05
27  4.03025520666897e-05
28  2.9088827180656e-05
29  2.0995193191369e-05
30  1.51535204360379e-05
31  1.09372264171172e-05
32  7.89406806187494e-06
33  5.69763376827085e-06
34  4.11233223514304e-06
35  2.96812275059203e-06
36  2.14227648905981e-06
37  1.5462125192236e-06
38  1.1159965423697e-06
39  8.05483248317065e-07
40  5.81366732495801e-07
41  4.19608077952749e-07
42  3.02856921869581e-07
43  2.18590441753333e-07
44  1.57770147467966e-07
45  1.13872405544656e-07
46  8.21887090320262e-08
47  5.93206392701222e-08
48  4.28153487836056e-08
49  3.0902466897386e-08
50  2.23042083603523e-08
51  1.60983170761258e-08
52  1.16191441756465e-08
53  8.38624998644298e-09
54  6.05287168863844e-09
55  4.36872925721042e-09
56  3.15318022608676e-09
57  2.27584383257846e-09
58  1.64261627236562e-09
59  1.18557705008769e-09
60  8.55703772619753e-10
61  6.17613967927797e-10
62  4.45769932782911e-10
63  3.21739538261082e-10
64  2.32219184833081e-10
65  1.67606847624188e-10
66  1.20972155535651e-10
67  8.73130340896889e-11
68  6.30191789143391e-11
69  4.54848116044744e-11
70  3.28291818425432e-11
71  2.36948366126777e-11
72  1.71020187025258e-11
73  1.23435771595121e-11
74  8.90911771290624e-12
75  6.43025747522766e-12
76  4.64111189841475e-12
77  3.34977578403588e-12
78  2.41773937785841e-12
79  1.74503170259772e-12
80  1.2594975908229e-12
81  9.09058263987237e-13
82  6.56125321099994e-13
83  4.73568977001392e-13
84  3.41808100262208e-13
85  2.46709925858635e-13
86  1.78074164141075e-13
87  1.28538910433588e-13
88  9.27910022781413e-14
89  6.69961266401937e-14
90  4.83875499536354e-14
91  3.49693579007778e-14
92  2.53023742342222e-14
93  1.83497961731778e-14
94  1.33659891601304e-14
95  9.81651307720462e-15
96  7.32080193890941e-15
97  5.6113489139211e-15
98  4.50501890916877e-15
99  3.88341176705174e-15
100  3.68016990770213e-15
101  3.87386911938701e-15
102  4.48573005669962e-15
103  5.58190508173478e-15
104  7.28058583968265e-15
105  9.76469403587213e-15
106  1.3301516737941e-14
107  1.82713923980957e-14
108  2.52085245715948e-14
109  3.485830112517e-14
110  4.8257267109615e-14
111  6.68443293064546e-14
112  9.26151203754354e-14
113  1.28336079842188e-13
114  1.77841214417545e-13
115  2.46443368364093e-13
116  3.41504117034557e-13
117  4.7322341072162e-13
118  6.55733666517024e-13
119  9.08615661176395e-13
120  1.25899882065921e-12
121  1.74447118482636e-12
122  2.41711117214035e-12
123  3.34907359433619e-12
124  4.64032908108421e-12
125  6.42938705110455e-12
126  8.9081523837346e-12
127  1.23425093289347e-11
128  1.71008405018654e-11
129  2.3693539931668e-11
130  3.28277583651134e-11
131  4.54832528496261e-11
132  6.30174762820857e-11
133  8.73111789119529e-11
134  1.20970139131939e-10
135  1.67604661361779e-10
136  2.32216820191396e-10
137  3.217369868998e-10
138  4.45767186613348e-10
139  6.1761101918696e-10
140  8.55700613946439e-10
141  1.18557367459992e-09
142  1.64261267373863e-09
143  2.27584000512248e-09
144  3.15317616482373e-09
145  4.36872495794871e-09
146  6.05286714804479e-09
147  8.38624520211074e-09
148  1.16191391461594e-08
149  1.6098311801116e-08
150  2.23042028405529e-08
151  3.09024611346762e-08
152  4.28153427810479e-08
153  5.93206330319923e-08
154  8.21887025638342e-08
155  1.13872398853158e-07
156  1.57770140561165e-07
157  2.18590434640474e-07
158  3.02856914561134e-07
159  4.19608070460384e-07
160  5.81366724832349e-07
161  8.05483240496476e-07
162  1.11599653440699e-06
163  1.54621251113479e-06
164  2.14227648086185e-06
165  2.96812274230275e-06
166  4.11233222678103e-06
167  5.69763375985539e-06
168  7.89406805342592e-06
169  1.0937226408655e-05
170  1.51535204275833e-05
171  2.09951931829431e-05
172  2.90888271722803e-05
173  4.03025520583855e-05
174  5.58391609520932e-05
175  7.73651229645035e-05
176  0.000107189330018288
177  0.000148510750444196
178  0.000205761552885829
179  0.000285082504257476
180  0.000394981633320653
181  0.000547246808661988
182  0.00075821011491713
183  0.00105049964524693
184  0.00145546660872962
185  0.00201654808615154
186  0.0027939261260751
187  0.00387098291955925
188  0.00536324444074196
189  0.00743077185533542
190  0.0102953298094315
191  0.0142641730830231
192  0.0197630029837445
193  0.0273816284100152
194  0.037937229225782
195  0.0525620076270951
196  0.0728246290562833
197  0.10089847851343
198  0.139794779571853
199  0.193685580629857
200  0.268351252162766
